Benchmark	L1I_s	L1I_a	L1D_s	L1D_a	L2_s	L2_a	LINE_s		CPI	L1I_miss	L1D_miss	L2_miss		Power	Energy	Delay	Area	EDA
specbzip2	128	2	64	2	2	8	64	1.681652	0.000060	0.015291	0.266118	5.404940	0.180976	0.084083	19.034000	0.289641
specbzip2	32	16	64	2	2	8	64	1.681603	0.000060	0.015291	0.266206	5.284600	0.138969	0.084080	17.144600	0.200326
specbzip2	32	1	64	2	2	8	64	1.682676	0.000360	0.015291	0.264767	3.835520	0.122952	0.084134	14.195420	0.146844
specbzip2	32	2	128	16	4	4	128	1.560331	0.000054	0.009348	0.228545	11.784800	0.285472	0.078017	37.972600	0.845714
specbzip2	32	2	64	16	2	8	64	1.654354	0.000064	0.013086	0.318745	4.407790	0.133454	0.082718	15.093000	0.166612
specbzip2	32	2	64	1	2	8	64	1.719307	0.000064	0.018285	0.218412	3.860870	0.125080	0.085965	14.188850	0.152565
specbzip2	32	2	64	2	1	8	64	1.730154	0.000064	0.015299	0.317790	3.759560	0.125057	0.086508	11.390630	0.123229
specbzip2	32	2	64	2	2	16	64	1.683363	0.000064	0.015292	0.266710	3.866910	0.123035	0.084168	14.902350	0.154323
specbzip2	32	2	64	2	2	2	64	1.695661	0.000064	0.015288	0.281103	3.864920	0.123668	0.084783	14.915740	0.156390
specbzip2	32	2	64	2	2	4	64	1.681665	0.000064	0.015285	0.266738	3.865030	0.122907	0.084083	14.910740	0.154093
specbzip2	32	2	64	2	2	8	128	1.638970	0.000054	0.014462	0.162995	9.228860	0.152480	0.081948	49.473500	0.618192
specbzip2	32	2	64	2	2	8	256	1.659664	0.000047	0.015415	0.102081	27.206600	0.313043	0.082983	90.387300	2.348010
specbzip2	32	2	64	2	2	8	32	1.799279	0.000074	0.017524	0.406637	2.225930	0.087523	0.089964	11.513300	0.090655
specbzip2	32	2	64	2	2	8	64	1.681870	0.000064	0.015291	0.266195	3.865670	0.122927	0.084093	14.228630	0.147085
specbzip2	32	2	64	2	4	8	64	1.648475	0.000064	0.015261	0.230099	3.990780	0.121964	0.082424	20.547230	0.206557
specbzip2	32	2	64	4	2	8	64	1.664910	0.000064	0.013948	0.295922	3.598030	0.098828	0.083246	13.092060	0.107709
specbzip2	32	2	64	8	2	8	64	1.657933	0.000064	0.013391	0.310251	3.841940	0.107830	0.082897	13.392710	0.119714
specbzip2	32	4	64	2	2	8	64	1.681974	0.000061	0.015292	0.266203	4.271100	0.129599	0.084099	14.991990	0.163400
specbzip2	32	8	64	2	2	8	64	1.681897	0.000060	0.015292	0.266206	4.626570	0.133311	0.084095	15.838100	0.177558
specbzip2	64	2	128	2	2	8	64	1.650216	0.000061	0.012487	0.336854	5.361990	0.186376	0.082511	19.275300	0.296416
spechmmer	128	2	64	2	2	8	64	1.273683	0.000169	0.001619	0.078951	5.404940	0.139343	0.063684	19.034000	0.168906
spechmmer	128	4	128	4	1	1	256	1.261708	0.000047	0.000212	0.196459	31.086900	0.325027	0.063085	77.813100	1.595508
spechmmer	32	1	64	2	2	8	64	1.289840	0.003670	0.001618	0.040131	3.835520	0.096367	0.064492	14.195420	0.088223
spechmmer	32	2	64	1	2	8	64	1.303782	0.000465	0.003626	0.033763	3.860870	0.097014	0.065189	14.188850	0.089734
spechmmer	32	2	64	2	1	8	64	1.274384	0.000463	0.001619	0.072980	3.759560	0.095241	0.063719	11.390630	0.069126
spechmmer	32	2	64	2	2	16	64	1.274384	0.000463	0.001619	0.072980	3.866910	0.095433	0.063719	14.902350	0.090619
spechmmer	32	2	64	2	2	1	64	1.274384	0.000463	0.001619	0.072980	3.863320	0.095405	0.063719	14.702160	0.089376
spechmmer	32	2	64	2	2	2	64	1.274384	0.000463	0.001619	0.072980	3.864920	0.095410	0.063719	14.915740	0.090680
spechmmer	32	2	64	2	2	4	64	1.274384	0.000463	0.001619	0.072980	3.865030	0.095412	0.063719	14.910740	0.090651
spechmmer	32	2	64	2	2	8	128	1.268047	0.000504	0.000895	0.066270	9.228860	0.116546	0.063402	49.473500	0.365572
spechmmer	32	2	64	2	2	8	256	1.264872	0.000560	0.000572	0.052727	27.206600	0.228661	0.063244	90.387300	1.307129
spechmmer	32	2	64	2	2	8	32	1.286132	0.000403	0.003020	0.075390	2.225930	0.064941	0.064307	11.513300	0.048082
spechmmer	32	2	64	2	2	8	64	1.274384	0.000463	0.001619	0.072980	3.865670	0.095416	0.063719	14.228630	0.086508
spechmmer	32	2	64	2	4	8	64	1.274384	0.000463	0.001619	0.072980	3.990780	0.095776	0.063719	20.547230	0.125395
spechmmer	32	2	64	4	2	8	64	1.274049	0.000462	0.001557	0.075833	3.598030	0.077539	0.063702	13.092060	0.064667
spechmmer	32	4	64	2	2	8	64	1.273607	0.000163	0.001618	0.079038	4.271100	0.100410	0.063680	14.991990	0.095861
spechmmer	64	2	128	2	2	8	64	1.272182	0.000234	0.000710	0.171455	5.361990	0.146220	0.063609	19.275300	0.179277
speclibm	128	2	64	2	2	8	64	3.459115	0.000085	0.049017	0.999966	5.404940	0.344633	0.172956	19.034000	1.134546
speclibm	32	1	64	2	2	8	64	3.457873	0.000106	0.049017	0.999849	3.835520	0.225080	0.172894	14.195420	0.552415
speclibm	32	2	64	1	2	8	64	3.479770	0.000091	0.049659	0.981718	3.860870	0.225914	0.173989	14.188850	0.557715
speclibm	32	2	64	2	1	8	64	3.460983	0.000091	0.049017	0.999930	3.759560	0.224521	0.173049	11.390630	0.442562
speclibm	32	2	64	2	2	16	64	3.457422	0.000091	0.049017	0.999930	3.866910	0.225167	0.172871	14.902350	0.580070
speclibm	32	2	64	2	2	1	64	3.457422	0.000091	0.049017	0.999930	3.863320	0.225033	0.172871	14.702160	0.571939
speclibm	32	2	64	2	2	2	64	3.457422	0.000091	0.049017	0.999930	3.864920	0.225074	0.172871	14.915740	0.580353
speclibm	32	2	64	2	2	4	64	3.459115	0.000091	0.049017	0.999930	3.865030	0.225176	0.172956	14.910740	0.580707
speclibm	32	2	64	2	2	8	128	2.514562	0.000109	0.024510	0.999808	9.228860	0.207348	0.125728	49.473500	1.289746
speclibm	32	2	64	2	2	8	256	1.888624	0.000122	0.012256	0.999501	27.206600	0.332751	0.094431	90.387300	2.840147
speclibm	32	2	64	2	2	8	32	5.650345	0.000073	0.098032	0.999972	2.225930	0.245372	0.282517	11.513300	0.798121
speclibm	32	2	64	2	2	8	64	3.459115	0.000091	0.049017	0.999930	3.865670	0.225205	0.172956	14.228630	0.554212
speclibm	32	2	64	2	4	8	64	3.454754	0.000091	0.049017	0.999930	3.990780	0.226290	0.172738	20.547230	0.803168
speclibm	32	2	64	4	2	8	64	3.459115	0.000091	0.049017	0.999930	3.598030	0.177649	0.172956	13.092060	0.402260
speclibm	32	4	64	2	2	8	64	3.459115	0.000087	0.049017	0.999951	4.271100	0.238912	0.172956	14.991990	0.619488
speclibm	64	2	128	2	2	8	64	3.459115	0.000087	0.049017	0.999953	5.361990	0.354056	0.172956	19.275300	1.180343
specmcf	128	2	64	2	2	8	64	1.209631	0.000022	0.001930	0.726870	5.404940	0.128813	0.060482	19.034000	0.148292
specmcf	128	8	128	4	4	4	256	1.161820	0.000010	0.000690	0.471585	37.111200	0.306030	0.058091	130.367200	2.317618
specmcf	32	16	64	2	2	8	64	1.209631	0.000022	0.001930	0.726835	5.284600	0.098600	0.060482	17.144600	0.102242
specmcf	32	1	64	2	2	8	64	1.326278	0.016207	0.001929	0.068656	3.835520	0.094355	0.066314	14.195420	0.088822
specmcf	32	2	64	1	2	8	64	1.340752	0.020321	0.002501	0.054801	3.860870	0.095247	0.067038	14.188850	0.090598
specmcf	32	2	64	2	1	8	64	1.342337	0.020323	0.001930	0.060102	3.759560	0.095022	0.067117	11.390630	0.072645
specmcf	32	2	64	2	2	16	64	1.337715	0.020323	0.001930	0.056082	3.866910	0.095283	0.066886	14.902350	0.094974
specmcf	32	2	64	2	2	4	64	1.337731	0.020323	0.001930	0.056076	3.865030	0.095255	0.066887	14.910740	0.095002
specmcf	32	2	64	2	2	8	128	1.300766	0.020417	0.001196	0.030982	9.228860	0.115410	0.065038	49.473500	0.371350
specmcf	32	2	64	2	2	8	256	1.320988	0.025549	0.001105	0.013032	27.206600	0.236353	0.066049	90.387300	1.411025
specmcf	32	2	64	2	2	8	32	1.365106	0.014561	0.002982	0.127916	2.225930	0.066767	0.068255	11.513300	0.052468
specmcf	32	2	64	2	2	8	64	1.337784	0.020323	0.001930	0.056083	3.865670	0.095265	0.066889	14.228630	0.090668
specmcf	32	2	64	2	4	8	64	1.337416	0.020323	0.001930	0.055830	3.990780	0.095981	0.066871	20.547230	0.131879
specmcf	32	2	64	4	2	8	64	1.337467	0.020323	0.001862	0.056271	3.598030	0.077192	0.066873	13.092060	0.067582
specmcf	32	4	64	2	2	8	64	1.209728	0.000022	0.001930	0.726587	4.271100	0.091848	0.060486	14.991990	0.083288
specmcf	32	8	64	2	2	8	64	1.209630	0.000022	0.001930	0.726808	4.626570	0.094515	0.060481	15.838100	0.090536
specmcf	64	2	128	2	2	8	64	1.209303	0.000022	0.001829	0.778721	5.361990	0.134209	0.060465	19.275300	0.156418
specsjeng	128	2	64	2	2	8	64	10.318995	0.000025	0.121835	0.999972	5.404940	0.985095	0.515950	19.034000	9.674219
specsjeng	32	1	64	2	2	8	64	10.318844	0.000041	0.121835	0.999877	3.835520	0.628651	0.515942	14.195420	4.604251
specsjeng	32	2	64	1	2	8	64	10.319038	0.000026	0.121869	0.999404	3.860870	0.627490	0.515952	14.188850	4.593707
specsjeng	32	2	64	2	1	8	64	10.321508	0.000026	0.121835	0.999964	3.759560	0.626386	0.516075	11.390630	3.682160
specsjeng	32	2	64	2	2	16	64	10.319355	0.000026	0.121835	0.999964	3.866910	0.629023	0.515968	14.902350	4.836640
specsjeng	32	2	64	2	2	1	64	10.318347	0.000026	0.121835	0.999964	3.863320	0.628531	0.515917	14.702160	4.767464
specsjeng	32	2	64	2	2	2	64	10.318310	0.000026	0.121835	0.999964	3.864920	0.628668	0.515916	14.915740	4.837773
specsjeng	32	2	64	2	2	4	64	10.318529	0.000026	0.121835	0.999964	3.865030	0.628703	0.515926	14.910740	4.836513
specsjeng	32	2	64	2	2	8	128	6.831309	0.000018	0.060920	0.999930	9.228860	0.511634	0.341565	49.473500	8.645799
specsjeng	32	2	64	2	2	8	256	5.199911	0.000014	0.030463	0.999847	27.206600	0.824358	0.259996	90.387300	19.372697
specsjeng	32	2	64	2	2	8	32	17.736855	0.000030	0.243664	0.999982	2.225930	0.745535	0.886843	11.513300	7.612281
specsjeng	32	2	64	2	2	8	64	10.318732	0.000026	0.121835	0.999964	3.865670	0.628812	0.515937	14.228630	4.616159
specsjeng	32	2	64	2	4	8	64	10.313424	0.000026	0.121835	0.999964	3.990780	0.632742	0.515671	20.547230	6.704284
specsjeng	32	2	64	4	2	8	64	10.318826	0.000026	0.121835	0.999965	3.598030	0.491395	0.515941	13.092060	3.319244
specsjeng	32	4	64	2	2	8	64	10.318505	0.000025	0.121835	0.999971	4.271100	0.669687	0.515925	14.991990	5.179855
specsjeng	64	2	128	2	2	8	64	10.318928	0.000025	0.121834	0.999975	5.361990	1.001031	0.515946	19.275300	9.955265
